Jm=700;
Dm=800;
Kt=5;
Kb=2;
Ra=1;

